# Blender v3.1.2 OBJ File: ''
# www.blender.org
mtllib gun.mtl
o Cube
v 0.054052 -0.214668 0.057871
v 0.054052 0.158680 0.070354
v 0.054052 -0.211177 -0.046534
v 0.054052 0.162171 -0.034050
v -0.054052 -0.214668 0.057871
v -0.054052 0.158680 0.070354
v -0.054052 -0.211177 -0.046534
v -0.054052 0.162171 -0.034050
vt 0.875000 0.500000
vt 0.625000 0.750000
vt 0.625000 0.500000
vt 0.375000 1.000000
vt 0.375000 0.750000
vt 0.625000 0.000000
vt 0.375000 0.250000
vt 0.375000 0.000000
vt 0.375000 0.500000
vt 0.125000 0.750000
vt 0.125000 0.500000
vt 0.625000 0.250000
vt 0.875000 0.750000
vt 0.625000 1.000000
vn 0.0000 -0.9994 -0.0334
vn 0.0000 0.0334 -0.9994
vn -1.0000 0.0000 0.0000
vn 0.0000 0.9994 0.0334
vn 1.0000 0.0000 0.0000
vn 0.0000 -0.0334 0.9994
usemtl Material
s off
f 5/1/1 3/2/1 1/3/1
f 3/2/2 8/4/2 4/5/2
f 7/6/3 6/7/3 8/8/3
f 2/9/4 8/10/4 6/11/4
f 1/3/5 4/5/5 2/9/5
f 5/12/6 2/9/6 6/7/6
f 5/1/1 7/13/1 3/2/1
f 3/2/2 7/14/2 8/4/2
f 7/6/3 5/12/3 6/7/3
f 2/9/4 4/5/4 8/10/4
f 1/3/5 3/2/5 4/5/5
f 5/12/6 1/3/6 2/9/6
o Cube.001
v 0.054052 -0.201229 0.343489
v 0.054052 -0.112294 -0.019327
v 0.054052 -0.302688 0.318618
v 0.054052 -0.213753 -0.044197
v -0.054052 -0.201229 0.343489
v -0.054052 -0.112294 -0.019327
v -0.054052 -0.302688 0.318618
v -0.054052 -0.213753 -0.044197
vt 0.875000 0.500000
vt 0.625000 0.750000
vt 0.625000 0.500000
vt 0.375000 1.000000
vt 0.375000 0.750000
vt 0.625000 0.000000
vt 0.375000 0.250000
vt 0.375000 0.000000
vt 0.375000 0.500000
vt 0.125000 0.750000
vt 0.125000 0.500000
vt 0.625000 0.250000
vt 0.875000 0.750000
vt 0.625000 1.000000
vn 0.0000 -0.2381 0.9712
vn 0.0000 -0.9712 -0.2381
vn -1.0000 -0.0000 0.0000
vn 0.0000 0.2381 -0.9712
vn 1.0000 -0.0000 0.0000
vn 0.0000 0.9712 0.2381
usemtl Material.001
s off
f 13/15/7 11/16/7 9/17/7
f 11/16/8 16/18/8 12/19/8
f 15/20/9 14/21/9 16/22/9
f 10/23/10 16/24/10 14/25/10
f 9/17/11 12/19/11 10/23/11
f 13/26/12 10/23/12 14/21/12
f 13/15/7 15/27/7 11/16/7
f 11/16/8 15/28/8 16/18/8
f 15/20/9 13/26/9 14/21/9
f 10/23/10 12/19/10 16/24/10
f 9/17/11 11/16/11 12/19/11
f 13/26/12 9/17/12 10/23/12
